{
    "assets": [
      {
        "ticker": "AAPL",
        "sector": "Technology",
        "market_cap": 2000000000000,
        "beta": 1.2,
        "expected_return": 0.12,
        "volatility": 0.22,
        "dividend_yield": 0.005
      },
      {
        "ticker": "MSFT",
        "sector": "Technology",
        "market_cap": 1800000000000,
        "beta": 0.9,
        "expected_return": 0.10,
        "volatility": 0.20,
        "dividend_yield": 0.01
      },
      {
        "ticker": "AMZN",
        "sector": "Consumer Discretionary",
        "market_cap": 1000000000000,
        "beta": 1.4,
        "expected_return": 0.15,
        "volatility": 0.28,
        "dividend_yield": 0.0
      },
      {
        "ticker": "GOOGL",
        "sector": "Communication Services",
        "market_cap": 1200000000000,
        "beta": 1.1,
        "expected_return": 0.11,
        "volatility": 0.24,
        "dividend_yield": 0.0
      },
      {
        "ticker": "BRK.B",
        "sector": "Financials",
        "market_cap": 700000000000,
        "beta": 0.85,
        "expected_return": 0.08,
        "volatility": 0.15,
        "dividend_yield": 0.0
      },
      {
        "ticker": "JNJ",
        "sector": "Healthcare",
        "market_cap": 400000000000,
        "beta": 0.7,
        "expected_return": 0.07,
        "volatility": 0.14,
        "dividend_yield": 0.027
      },
      {
        "ticker": "JPM",
        "sector": "Financials",
        "market_cap": 350000000000,
        "beta": 1.1,
        "expected_return": 0.09,
        "volatility": 0.18,
        "dividend_yield": 0.03
      },
      {
        "ticker": "PG",
        "sector": "Consumer Staples",
        "market_cap": 320000000000,
        "beta": 0.6,
        "expected_return": 0.06,
        "volatility": 0.12,
        "dividend_yield": 0.025
      },
      {
        "ticker": "V",
        "sector": "Financials",
        "market_cap": 450000000000,
        "beta": 0.95,
        "expected_return": 0.11,
        "volatility": 0.19,
        "dividend_yield": 0.008
      },
      {
        "ticker": "UNH",
        "sector": "Healthcare",
        "market_cap": 420000000000,
        "beta": 0.8,
        "expected_return": 0.09,
        "volatility": 0.16,
        "dividend_yield": 0.015
      }
    ],
    "correlation_matrix": [
      [1.0, 0.72, 0.68, 0.70, 0.55, 0.42, 0.58, 0.38, 0.65, 0.45],
      [0.72, 1.0, 0.65, 0.78, 0.48, 0.40, 0.50, 0.35, 0.62, 0.42],
      [0.68, 0.65, 1.0, 0.75, 0.52, 0.38, 0.55, 0.32, 0.60, 0.40],
      [0.70, 0.78, 0.75, 1.0, 0.50, 0.41, 0.52, 0.34, 0.63, 0.43],
      [0.55, 0.48, 0.52, 0.50, 1.0, 0.60, 0.72, 0.54, 0.59, 0.55],
      [0.42, 0.40, 0.38, 0.41, 0.60, 1.0, 0.58, 0.65, 0.48, 0.70],
      [0.58, 0.50, 0.55, 0.52, 0.72, 0.58, 1.0, 0.52, 0.75, 0.54],
      [0.38, 0.35, 0.32, 0.34, 0.54, 0.65, 0.52, 1.0, 0.45, 0.62],
      [0.65, 0.62, 0.60, 0.63, 0.59, 0.48, 0.75, 0.45, 1.0, 0.50],
      [0.45, 0.42, 0.40, 0.43, 0.55, 0.70, 0.54, 0.62, 0.50, 1.0]
    ],
    "sector_allocations": {
      "Technology": {
        "min_allocation": 0.15,
        "max_allocation": 0.35,
        "benchmark_weight": 0.25
      },
      "Financials": {
        "min_allocation": 0.10,
        "max_allocation": 0.30,
        "benchmark_weight": 0.20
      },
      "Healthcare": {
        "min_allocation": 0.10,
        "max_allocation": 0.25,
        "benchmark_weight": 0.15
      },
      "Consumer Discretionary": {
        "min_allocation": 0.05,
        "max_allocation": 0.20,
        "benchmark_weight": 0.12
      },
      "Communication Services": {
        "min_allocation": 0.05,
        "max_allocation": 0.15,
        "benchmark_weight": 0.10
      },
      "Consumer Staples": {
        "min_allocation": 0.05,
        "max_allocation": 0.15,
        "benchmark_weight": 0.08
      },
      "Other": {
        "min_allocation": 0.0,
        "max_allocation": 0.10,
        "benchmark_weight": 0.10
      }
    },
    "risk_free_rate": 0.03,
    "market_return": 0.08,
    "timestamp": "2025-02-28T00:00:00Z"
  }